MetroArea	Binge	Asthma	HeartAt	Colonosc	Diabetes	PregDaib	PreDia	Disability	Exercise	Coverage	GeneralH	FluShot	Dentist	Teeth	BMI	PSA	Smokers	PAP
Akron,OH	6.5	9.1	3.7	66.1	10.8	0.9	2.1	22.2	77.4	85.0	85.5	60.6	75.6	46.9	38.2	49.7	25.5	79.5
Albuquerque,NM	4.1	9.5	3.4	65.7	7.1	0.8	0.9	22.8	82.0	85.2	83.6	74.0	70.4	39.0	43.3	54.6	19.4	83.6
Allentown,PA	4.4	10.0	4.3	65.7	8.9	0.7	1.6	17.7	73.9	90.5	85.8	70.9	73.9	45.5	37.5	54.6	16.8	83.1
Amarillo,TX	4.2	10.0	5.1	65.8	9.8	0.9	0.8	20.5	75.9	82.7	83.2	75.5	64.2	43.5	35.0	62.9	21.3	78.4
Arcadia,FL	6.7	12.4	8.0	61.6	11.2	1.1	0.7	22.5	64.9	64.7	74.0	67.4	47.1	63.1	32.2	55.0	24.3	75.9
Asheville,NC	3.7	10.7	6.2	68.1	9.8	0.2	1.5	27.6	77.8	81.9	83.6	74.6	68.5	48.4	37.3	61.9	17.4	82.1
Atlanta,GA	4.1	8.9	2.7	69.2	8.7	1.0	1.2	16.7	77.9	84.7	87.1	58.3	70.6	41.3	37.4	59.1	14.9	87.3
AtlanticCity,NJ	5.4	8.3	4.9	61.9	9.0	0.6	1.5	18.1	72.2	87.6	79.9	65.1	71.4	52.7	30.7	57.4	19.4	80.4
Augusta,GA	3.3	9.4	4.8	64.4	9.1	0.7	0.7	19.6	74.1	84.6	83.5	60.6	67.9	47.4	31.1	66.1	19.8	80.4
AugustaME	6.4	11.9	6.1	77.1	7.7	1.8	0.7	23.1	77.7	88.6	86.7	70.4	65.9	50.1	37.1	55.9	20.7	86.5
AustinTX	5.0	7.0	3.0	71.4	5.7	0.7	1.7	17.3	80.7	88.0	86.2	71.1	69.0	39.0	35.9	55.0	10.4	86.5
BaltimoreMD	4.8	8.9	4.3	70.6	9.9	1.0	1.0	20.1	76.0	89.6	86.3	67.5	74.6	41.5	33.5	56.9	17.3	87.2
BangorME	4.9	11.2	4.9	73.1	11.1	1.3	1.8	25.9	75.9	89.8	83.7	73.0	67.6	53.4	31.1	48.8	15.4	82.9
BarreVT	7.3	7.3	2.5	78.4	6.2	0.7	1.4	20.5	83.9	92.0	90.5	77.1	80.7	42.0	41.2	46.0	14.3	84.7
BatonRougeLA	4.9	4.9	4.4	65.6	10.1	0.5	1.6	18.2	74.3	83.9	82.1	64.1	68.7	45.4	35.4	58.8	15.9	86.1
BethesdaMD	5.2	6.4	2.6	75.6	6.0	1.3	1.4	14.3	82.7	89.8	91.1	75.9	81.6	35.1	42.8	61.0	8.4	85.1
BillingsMT	4.1	10.4	5.0	67.3	7.1	0.9	1.5	24.7	76.0	85.8	85.9	70.0	66.3	43.1	35.4	45.9	16.0	81.4
BirminghamAL	6.2	8.3	5.0	66.3	12.4	0.4	1.1	21.4	70.8	82.2	82.3	64.0	66.4	49.7	33.7	58.9	21.2	84.5
BismarckND	3.5	6.3	3.4	64.9	6.0	0.3	0.6	18.4	80.6	92.5	88.1	66.2	73.2	42.7	39.4	53.7	13.9	82.2
BoiseCityID	3.5	10.8	3.7	62.2	7.4	1.3	0.7	23.3	83.4	80.8	84.7	61.6	70.1	38.6	38.0	50.5	15.2	77.1
BostonMA	7.4	9.6	3.8	76.9	7.8	0.8	1.2	15.9	78.5	95.1	89.5	72.3	81.7	38.3	43.2	57.5	14.4	89.4
BremertonWA	5.8	12.2	3.0	72.9	6.7	1.0	1.5	28.8	84.7	88.4	88.8	63.8	73.6	36.0	34.9	49.6	17.0	78.7
BridgeportCT	5.6	8.3	2.2	74.7	6.0	0.8	0.6	14.3	81.2	91.4	90.6	70.7	83.1	35.7	45.6	62.0	10.0	86.4
BuffaloNY	8.7	12.1	5.3	74.8	8.0	0.5	1.3	24.2	76.1	93.0	85.0	65.1	77.2	48.6	37.9	54.7	23.8	84.4
BurlingtonVT	7.5	10.6	3.0	75.5	6.2	0.4	1.0	20.3	86.4	94.3	91.3	74.1	81.8	37.6	42.3	44.7	14.6	82.5
CambridgeMA	5.6	9.9	2.8	76.6	5.8	0.9	1.7	17.1	82.7	97.0	92.1	76.4	82.6	35.3	44.2	57.1	10.7	90.9
CamdenNJ	3.9	10.2	3.9	68.7	9.8	0.8	1.4	19.8	72.8	91.9	85.7	64.9	73.9	45.4	34.7	61.2	18.5	84.7
CantonOH	4.1	7.1	3.9	66.4	8.8	0.8	2.0	23.2	73.4	84.4	84.4	60.8	68.0	45.5	35.4	52.9	23.4	82.8
CapeCoralFL	6.0	13.9	5.8	73.0	8.4	0.1	1.4	28.0	72.1	76.9	83.5	72.7	67.3	52.4	40.0	68.4	27.1	84.0
CasperWY	6.1	10.0	4.4	61.6	8.2	1.4	0.6	20.6	76.8	81.8	85.6	63.4	68.8	47.3	34.7	51.2	25.6	73.5
CedarRapidsIA	2.8	9.0	5.0	68.3	9.0	0.4	0.3	16.8	74.5	92.3	91.3	66.7	81.1	36.4	41.1	48.8	14.6	81.8
CharlestonWV	2.7	6.9	6.7	61.0	10.1	0.7	2.0	27.5	68.6	84.3	75.8	67.3	62.7	59.4	30.5	53.2	24.1	84.7
CharlestonSC	8.7	5.5	4.9	73.2	11.6	0.9	1.5	19.2	74.6	84.0	84.8	68.9	68.5	41.8	34.7	61.3	21.8	87.6
CharlotteNC	3.4	6.0	3.5	72.1	9.2	0.9	1.2	17.8	77.4	81.2	85.3	69.2	70.8	42.8	37.0	56.3	16.5	84.6
ChattanoogaTN	2.2	5.5	7.2	64.4	8.8	0.4	4.0	22.3	67.8	80.4	79.3	69.3	67.8	52.1	30.9	55.0	16.7	82.0
CheyenneWY	3.4	11.0	5.9	64.8	8.9	0.6	1.0	24.3	76.9	85.9	85.1	71.5	72.5	46.1	33.8	59.2	22.3	86.7
ChicagoIL	6.1	8.9	4.1	60.8	8.8	0.7	0.9	17.2	76.7	85.4	84.3	63.1	70.0	41.5	38.8	52.0	16.8	80.8
CincinnatiOH	6.3	10.9	3.4	65.8	9.9	1.0	1.1	20.3	74.6	86.1	86.0	66.8	71.8	41.6	38.1	55.5	21.9	81.7
ClevelandOH	6.3	8.8	4.1	63.9	10.6	0.4	2.7	19.9	77.3	89.2	85.3	68.4	74.8	45.0	34.4	54.3	20.5	81.2
CoeurdAleneID	6.0	7.4	5.3	66.5	8.4	0.4	1.7	26.3	81.2	82.2	87.5	60.1	69.7	46.4	35.5	41.0	17.4	82.1
ColoradoSpringsCO	3.6	9.1	3.9	65.3	5.9	0.6	1.3	26.8	80.9	85.3	87.4	69.5	69.8	36.4	38.6	46.8	17.9	77.5
ColumbiaSC	5.1	7.5	4.2	66.0	9.4	0.8	1.0	24.0	72.3	80.9	83.6	65.9	64.6	46.5	32.9	64.9	21.8	84.3
ColumbusOH	5.0	10.1	4.0	66.4	9.3	0.6	1.3	22.3	73.7	88.9	84.2	67.7	74.4	39.6	34.5	53.5	20.0	83.0
ConcordNH	5.1	11.6	2.7	76.8	6.5	1.8	0.8	17.2	83.1	88.2	89.0	70.5	80.0	35.8	36.5	48.3	13.2	90.7
DallasTX	4.5	8.4	4.1	60.5	8.1	1.0	1.6	16.3	73.6	78.3	86.9	68.3	59.1	44.3	36.4	65.2	14.6	81.7
DaytonOH	5.5	9.4	4.1	75.9	11.6	1.3	1.9	23.6	74.8	89.1	82.9	67.4	72.7	41.2	35.0	54.2	20.7	82.5
DelRioTX	2.6	5.0	5.3	39.5	13.3	0.7	1.2	17.4	76.5	74.7	77.5	67.9	56.4	44.3	25.8	56.4	10.6	81.9
DeltonaFL	4.2	10.0	5.3	71.8	13.6	1.4	1.0	31.5	76.3	82.1	78.9	74.0	65.6	57.6	34.8	64.3	23.3	78.3
DenverCO	5.1	9.9	2.8	67.9	5.4	0.5	0.9	18.9	83.8	86.9	90.2	76.4	72.4	32.4	43.0	50.5	14.6	81.3
DesMoinesIA	4.8	8.7	2.7	65.5	6.8	0.7	0.9	18.0	77.7	91.5	90.4	71.8	77.5	32.4	35.1	50.6	15.8	85.4
DetroitMI	5.7	12.1	5.0	68.2	12.1	1.0	1.0	25.0	71.7	82.0	81.5	63.8	67.6	43.3	32.9	61.6	20.2	83.6
DoverDE	4.0	10.7	4.2	75.7	10.2	0.8	1.4	21.0	69.6	90.5	82.8	64.5	67.1	44.8	29.4	61.4	20.0	86.9
DurhamNC	4.5	9.9	2.3	67.6	7.3	0.7	1.0	15.9	78.0	86.1	86.9	73.4	69.9	36.4	41.1	54.7	12.2	88.9
EdisonNJ	3.9	9.1	3.7	68.3	9.5	0.7	1.5	17.8	74.0	90.7	86.4	70.3	77.7	45.8	38.5	60.1	10.9	86.9
ElPasoTX	4.3	5.8	3.5	51.5	12.2	0.8	0.7	16.1	71.5	62.5	77.2	64.8	55.9	49.5	30.2	48.3	14.4	77.6
EugeneOR	5.8	10.3	3.4	64.3	7.0	1.5	0.3	32.0	81.8	79.1	83.4	71.1	67.2	41.9	39.9	48.6	19.5	81.9
EvansvilleIN	4.8	10.0	6.6	67.8	9.8	0.4	1.5	25.2	72.3	89.8	81.9	73.2	70.6	48.5	37.0	55.0	17.9	83.7
FargoND	3.8	5.0	2.9	79.9	8.5	0.7	0.5	13.5	73.4	92.7	90.2	66.6	83.5	40.0	37.8	57.0	12.0	86.4
FarmingtonNM	3.8	11.7	7.1	57.5	7.8	0.4	0.8	22.9	77.1	74.5	84.7	66.2	64.7	45.3	35.0	48.2	20.4	78.9
FayettevilleAR	3.4	10.3	3.8	58.3	6.8	1.0	0.4	20.7	73.8	79.5	89.4	68.2	62.8	47.9	38.5	49.4	19.5	79.8
FtCollinsCO	5.7	8.4	2.4	70.3	4.7	0.3	0.8	18.2	86.9	87.7	92.0	73.6	73.6	29.1	50.2	56.5	17.2	81.9
FtWayneIN	2.6	10.0	4.7	60.6	11.4	0.7	1.2	20.2	76.6	87.5	85.2	59.0	74.5	48.5	30.9	49.4	18.2	80.6
FtWorthTX	3.3	10.2	3.3	67.4	11.7	1.9	0.3	20.7	76.0	80.3	85.6	72.9	63.8	44.6	30.3	52.3	14.6	83.1
GainesvilleFL	4.6	6.9	3.9	68.9	4.6	0.9	0.4	22.0	80.9	84.8	89.9	56.9	64.1	39.2	43.8	55.0	13.8	83.5
GrandIslandNE	5.5	6.2	5.2	60.0	9.0	1.7	0.6	17.9	73.8	85.8	83.9	72.3	65.6	41.4	31.2	54.6	15.2	75.2
GrandRapidsMI	5.5	8.2	3.0	77.2	9.9	0.5	1.5	20.6	80.7	89.8	86.3	71.8	72.7	38.5	34.8	57.4	19.2	83.6
GreensboroNC	3.4	7.9	4.3	71.6	10.6	0.9	1.4	21.0	76.6	86.4	82.6	70.2	70.2	48.7	32.7	58.0	20.2	77.1
GreenvilleSC	2.6	9.4	3.5	69.7	8.7	3.3	1.4	22.8	73.5	82.9	84.5	68.5	67.4	48.9	32.1	56.8	17.0	81.3
HagerstownMD	3.8	8.3	4.1	61.5	7.9	0.3	0.5	23.1	72.3	84.0	85.5	71.6	67.8	48.3	34.3	48.0	23.4	85.9
HartfordCT	3.6	9.0	3.0	76.9	7.9	0.7	0.9	16.5	80.5	90.0	88.3	74.2	81.9	38.0	38.0	58.2	13.1	84.9
HastingsNE	2.9	10.2	4.1	55.6	8.2	0.5	1.0	17.2	74.0	91.3	86.5	75.8	69.1	47.6	33.4	48.5	14.0	75.5
HelenaMT	5.2	9.3	5.3	65.4	5.7	0.8	0.5	24.8	81.6	89.3	87.6	65.7	72.2	41.8	39.3	61.3	17.3	84.7
HickoryNC	1.3	6.6	5.7	64.0	10.0	0.3	2.2	24.7	69.8	78.1	77.5	67.5	63.9	54.3	33.4	58.2	22.4	90.8
HiloHI	7.6	12.2	3.7	58.7	8.2	1.0	2.8	21.3	80.8	91.4	85.1	65.0	64.8	43.3	39.4	45.5	20.0	81.1
HiltonHeadSC	6.5	4.5	3.6	70.9	8.7	1.7	1.0	20.2	81.0	87.4	87.0	71.4	73.1	43.4	40.2	65.3	19.2	87.1
HomosassaFL	5.8	10.0	9.9	69.0	10.1	1.7	1.9	31.9	77.3	79.7	79.0	71.6	59.2	60.9	38.3	66.6	21.6	76.7
HonoluluHI	6.3	9.0	2.6	61.8	8.5	0.9	2.1	15.1	80.3	93.9	86.1	75.4	74.3	38.4	43.9	41.2	13.1	80.2
HoustonTX	6.1	4.9	3.8	62.7	8.5	1.0	0.7	17.9	76.4	75.9	83.5	64.2	64.5	41.7	36.9	52.5	16.2	77.1
HuntingtonWV	4.3	12.0	6.0	53.1	13.0	1.1	1.7	38.3	69.8	84.2	72.2	66.3	58.6	57.3	30.6	53.0	27.3	71.5
IdahoFallsID	1.6	7.7	2.6	61.6	8.4	0.9	3.1	16.9	80.6	83.7	87.1	61.0	75.1	37.0	35.9	51.4	11.9	76.8
IndianapolisIN	4.6	10.5	4.6	68.1	9.6	1.0	1.2	20.6	76.5	86.5	85.9	68.0	71.5	41.7	36.2	54.7	19.8	83.1
JacksonMS	2.6	6.3	4.0	64.9	11.7	1.4	1.6	21.9	68.5	84.1	79.3	65.7	65.2	48.5	33.3	55.4	19.4	87.0
JacksonvilleFL	6.4	10.1	4.0	69.7	9.3	1.7	0.7	24.8	72.1	85.4	83.0	64.3	67.7	47.1	38.6	61.7	17.7	83.3
KahuluiHI	6.1	10.7	3.5	61.7	7.8	0.7	2.7	15.2	83.6	92.5	86.7	64.0	74.5	40.5	37.1	37.6	15.8	78.9
KalispellMT	6.5	8.6	3.9	61.3	4.9	0.9	0.9	23.1	79.6	81.1	85.4	63.7	54.3	44.6	40.5	53.3	18.6	81.8
KansasCityMO	4.2	9.9	4.0	67.1	9.1	0.6	1.1	20.6	77.0	87.5	87.2	63.2	71.9	40.3	34.5	55.3	19.1	80.8
KapaaHI	9.5	5.4	3.8	63.1	6.2	0.4	3.1	18.8	83.5	90.7	83.9	66.8	66.9	39.3	44.5	40.6	18.5	78.2
KennewickWA	2.4	8.1	2.9	70.1	10.3	1.0	2.3	20.6	75.8	82.9	84.6	67.9	69.5	35.1	33.4	49.1	8.8	84.0
KeyWestFL	10.0	5.8	4.9	58.5	7.3	0.8	0.5	27.5	83.1	77.9	87.3	66.5	71.6	47.9	46.0	55.0	21.4	83.4
KingsportTN	3.7	7.9	7.8	58.1	11.1	0.1	6.6	27.3	62.4	83.2	76.4	66.4	69.0	58.4	29.9	55.0	21.5	79.8
KnoxvilleTN	2.7	5.2	5.8	61.5	9.1	0.3	5.7	23.0	70.9	83.8	82.9	72.7	67.4	50.7	35.4	55.0	21.2	81.2
LakeCityFL	5.0	11.0	7.7	66.4	11.9	0.4	1.8	29.2	72.0	77.6	78.2	59.2	51.8	60.4	29.7	55.0	27.9	81.0
LakelandFL	4.0	9.6	8.4	71.1	13.9	0.9	1.3	29.0	74.0	76.2	80.6	62.5	52.5	60.3	29.0	63.6	21.5	77.5
LaredoTX	2.1	3.4	3.5	37.3	13.4	1.3	0.9	14.3	65.8	51.2	78.2	62.5	51.9	46.9	29.1	44.1	15.8	71.7
LasCrucesNM	3.3	8.9	4.3	60.7	12.0	0.3	0.2	20.6	75.5	72.9	76.6	72.9	67.0	37.6	32.0	55.0	11.9	80.4
LasVegasNV	5.1	9.3	5.0	60.5	9.0	0.6	1.0	19.8	76.3	80.3	82.6	59.4	67.2	42.8	39.6	51.6	22.1	79.0
LebanonNH	9.2	12.1	4.2	73.8	8.1	0.9	1.2	19.2	80.4	87.0	89.0	70.2	71.3	47.2	40.2	51.3	16.9	83.0
LewistonID	4.4	12.3	4.3	72.8	12.2	1.4	1.9	29.2	77.7	85.9	82.0	66.3	68.2	44.7	35.0	60.5	22.9	86.4
LewistonME	2.5	9.1	5.5	71.7	9.5	0.6	1.7	20.3	75.7	88.8	84.5	73.3	61.9	49.7	38.2	42.9	13.8	86.8
LincolnNE	5.9	9.9	2.7	66.4	6.1	1.1	0.4	17.7	81.8	86.9	91.6	70.1	74.6	33.3	37.4	49.9	17.4	80.1
LittleRockAR	4.3	8.2	3.0	67.2	10.0	0.9	0.7	19.5	76.2	86.6	83.5	73.9	71.2	45.5	29.3	64.4	19.9	77.5
LosAngelesCA	5.2	6.4	3.6	56.3	8.7	1.8	1.1	16.0	79.2	77.3	79.4	57.9	65.1	45.3	37.5	48.1	11.7	82.4
LouisvilleKY	5.1	9.8	5.2	65.5	6.9	1.0	0.8	21.0	74.8	86.3	82.6	73.0	66.9	48.1	33.7	52.4	22.9	83.2
LubbockTX	6.2	8.4	3.3	64.4	11.0	1.0	0.6	19.7	69.3	77.7	81.7	64.0	59.4	40.6	35.3	49.1	21.9	71.0
ManchesterNH	6.1	10.5	3.8	75.1	7.1	1.0	2.5	20.1	81.3	90.1	89.8	74.9	78.3	39.7	39.7	55.0	16.9	80.5
McAllenTX	4.1	5.2	3.7	54.0	13.8	1.6	0.9	18.8	64.0	45.7	75.7	64.3	48.2	45.3	30.8	55.0	12.6	70.9
MemphisTN	1.8	6.4	3.7	60.3	12.7	0.4	4.6	20.3	73.9	82.4	81.8	65.0	65.0	51.0	28.9	55.0	17.3	81.5
MiamiFL	2.5	7.7	4.4	66.5	7.5	0.8	1.2	19.5	75.9	76.5	84.7	51.7	63.7	49.4	34.2	58.8	12.4	78.5
MidlandTX	4.7	12.4	4.0	56.5	9.8	0.8	1.6	21.7	66.7	84.5	84.6	62.2	66.8	44.3	38.5	55.0	18.4	77.6
MilwaukeeWI	6.7	9.3	3.7	70.2	7.6	0.7	0.4	19.0	75.6	90.3	84.3	72.3	79.2	34.9	39.1	52.7	20.5	84.8
MinneapolisMN	4.1	8.2	3.1	74.2	5.3	0.4	1.5	15.5	82.9	91.0	90.7	72.8	81.1	28.2	38.4	49.5	15.2	87.7
MinotND	4.7	9.3	3.2	61.5	8.2	0.3	1.5	16.2	73.5	91.5	86.7	60.8	75.6	42.1	30.8	65.4	13.5	85.9
MobileAL	6.2	6.9	4.8	59.2	11.5	0.1	0.9	27.8	69.7	76.8	78.1	68.1	61.2	56.8	32.8	55.9	25.0	83.7
MyrtleBeachSC	6.7	10.1	5.8	66.1	10.5	0.4	1.2	23.7	77.3	77.0	84.5	65.7	62.4	55.0	32.2	55.0	23.4	83.2
NaplesFL	9.5	7.3	5.3	72.1	9.2	0.9	2.1	18.3	86.4	80.7	81.9	74.1	72.5	46.6	40.8	66.8	16.9	81.9
NashvilleTN	1.0	5.6	3.6	66.2	8.7	0.5	4.7	16.7	73.3	86.0	87.5	69.3	70.6	44.6	37.8	53.3	17.4	86.6
NassauNY	5.4	7.2	3.0	67.0	6.6	0.8	1.6	20.8	77.3	90.6	89.5	72.2	74.0	49.9	41.3	65.2	13.7	82.6
NewHavenCT	5.5	11.3	3.4	74.2	8.0	0.6	0.7	17.9	77.9	90.2	88.5	73.8	80.1	37.5	38.8	59.6	15.6	85.9
NewOrleansLA	5.4	7.1	4.2	66.7	11.0	0.7	1.2	22.6	73.1	79.7	80.5	64.3	66.1	49.5	30.1	60.8	20.3	83.9
NewYorkNY	4.0	9.9	3.6	68.8	8.7	0.7	1.2	16.0	75.4	85.6	84.1	61.5	72.6	48.9	40.5	58.1	13.7	81.3
NewarkNJ	3.8	7.5	3.4	65.6	9.6	0.7	1.0	16.2	73.9	85.9	86.4	65.9	78.6	46.7	38.2	54.9	14.1	82.8
NorfolkNE	5.2	4.3	3.5	58.7	6.6	0.1	1.0	17.4	71.7	90.1	86.7	69.9	65.1	45.4	29.0	57.7	15.9	80.2
NorthPlatteNE	5.6	12.9	5.8	64.9	9.3	1.6	0.6	20.9	71.2	90.3	84.8	65.7	66.5	44.1	33.2	53.7	17.2	72.3
NorthPortFL	8.3	6.1	6.9	70.1	9.3	1.4	1.3	21.1	78.4	81.9	87.7	68.7	70.3	52.0	41.9	66.4	18.3	82.1
OcalaFL	4.2	8.8	6.5	68.0	12.1	0.4	1.2	30.4	71.2	80.3	76.9	67.2	57.9	63.6	32.5	71.5	23.8	71.1
OceanCityNJ	8.0	6.5	5.4	66.9	11.8	2.7	1.7	18.3	75.1	88.2	85.9	67.0	77.9	48.6	37.0	55.8	20.6	82.5
OgdenUT	3.0	7.5	3.2	72.6	6.9	1.0	0.7	19.2	83.5	86.8	87.5	71.4	75.2	31.2	39.6	53.2	8.1	76.4
OkCityOK	3.8	8.9	4.8	63.1	8.7	0.6	1.7	26.2	71.5	79.9	81.8	67.8	61.6	44.1	35.1	52.6	22.7	80.4
OlympiaWA	5.3	11.4	2.9	72.2	7.4	1.3	0.7	31.3	84.8	85.7	89.3	69.1	72.4	38.1	41.5	43.5	18.6	82.2
OmahaNE	5.9	7.9	3.4	68.0	7.5	0.3	0.9	18.5	76.3	85.6	89.3	75.1	71.8	37.8	37.0	51.2	19.0	85.0
OrlandoFL	5.2	8.6	4.0	66.0	11.3	0.8	1.4	21.6	74.7	81.5	82.1	61.4	64.5	47.3	34.3	62.4	15.8	80.4
PalmBayFL	5.7	8.5	6.4	76.7	11.4	0.9	1.0	28.5	73.6	82.4	82.0	71.0	62.6	47.9	31.4	55.0	20.4	81.6
PanamaCityFL	7.5	7.6	5.3	75.3	8.9	0.4	0.4	24.7	76.1	84.1	85.2	69.6	68.8	50.0	34.1	55.0	15.9	76.3
PeabodyMA	6.8	10.4	4.4	74.4	7.4	0.9	1.5	19.4	80.4	93.7	86.6	71.7	81.8	39.2	41.0	62.8	12.6	91.2
PensacolaFL	5.6	10.4	5.3	71.9	11.3	0.9	0.6	26.1	74.5	82.2	84.1	63.2	57.0	49.4	35.5	59.8	22.6	81.5
PhiladelphiaPA	3.2	10.8	3.7	71.8	10.3	1.2	0.8	21.6	75.8	87.1	85.3	66.2	73.8	47.4	39.9	55.1	15.9	82.3
PhoenixAZ	4.5	9.6	4.3	64.4	7.1	0.6	0.8	18.3	81.5	87.2	86.9	68.8	70.0	39.6	36.0	51.8	14.8	83.3
PittsburghPA	3.8	9.7	5.2	66.5	9.2	0.7	1.1	21.5	76.4	89.1	85.3	69.3	72.9	51.8	35.0	54.0	17.2	82.0
PortSt.LucieFL	5.4	8.8	4.8	71.4	12.5	1.0	0.9	29.9	77.9	80.3	82.0	67.7	64.7	51.1	35.5	67.6	17.9	73.2
PortlandME	5.7	9.3	4.0	76.5	6.7	1.2	1.2	20.4	82.1	90.6	88.6	73.3	74.6	42.9	37.6	53.1	17.2	86.8
PortlandOR	5.9	8.5	2.6	69.7	6.5	1.0	1.0	23.2	84.2	86.1	86.4	66.8	74.9	33.3	40.3	47.8	13.9	76.7
ProvidenceRI	5.7	10.7	4.1	74.2	7.9	1.1	1.9	19.4	75.7	89.7	86.6	69.2	78.7	42.9	35.7	57.5	16.7	85.6
ProvoUT	1.5	10.7	2.8	68.9	4.8	0.7	1.0	19.5	83.8	85.5	91.8	64.4	77.3	26.3	44.3	48.4	5.8	63.3
RaleighNC	3.2	5.6	2.8	72.5	7.4	0.7	1.0	16.6	79.6	86.1	90.2	70.9	75.7	38.1	37.1	54.8	16.6	91.0
RapidCitySD	4.1	6.3	3.7	69.9	7.5	1.3	0.5	23.4	75.6	88.2	90.3	73.6	73.2	45.1	32.3	54.9	17.5	84.7
RenoNV	8.5	8.1	3.8	69.8	6.7	0.4	1.0	22.2	80.9	82.4	84.7	60.0	72.6	41.8	42.5	48.8	19.1	84.8
RichmondVA	6.7	7.0	4.9	69.9	9.8	2.3	1.0	20.4	73.8	87.2	90.1	67.4	77.2	37.5	32.8	55.0	19.6	87.2
RiversideCA	5.8	6.6	3.5	55.4	10.2	0.9	1.1	17.7	76.4	76.6	80.7	59.2	66.0	43.2	35.1	43.2	14.0	82.8
RochesterNY	4.1	7.1	3.7	73.9	9.7	1.2	1.8	22.5	81.0	90.9	85.1	76.8	73.0	44.2	37.4	50.3	13.7	84.1
RockinghamCoNH	6.5	9.6	4.0	76.6	7.7	0.6	2.4	19.0	80.5	90.8	89.8	69.4	78.4	40.0	37.1	57.0	16.5	84.6
RutlandVT	7.2	14.5	5.1	72.3	7.7	0.2	0.6	24.8	77.4	88.3	87.1	63.2	73.0	51.7	36.2	59.8	19.0	76.4
SacramentoCA	5.1	8.6	3.3	70.9	8.3	0.7	1.3	18.7	84.7	87.2	86.9	73.1	74.1	36.8	40.9	46.0	10.9	82.5
SaltLakeCityUT	4.0	10.1	2.5	71.5	6.6	0.8	1.3	19.4	81.7	83.1	87.7	70.2	72.7	34.4	41.8	49.9	10.8	78.8
SanAntonioTX	8.2	6.1	4.0	67.7	9.2	0.9	0.8	17.7	73.5	82.8	83.9	67.6	68.6	41.7	36.7	53.6	17.0	72.6
SanDiegoCA	7.3	7.7	3.1	64.5	8.9	2.4	1.3	17.5	81.0	82.3	85.6	62.2	74.1	38.8	41.2	51.7	13.0	85.9
SanFranciscoCA	6.1	8.2	2.7	67.6	7.1	1.5	2.8	19.0	82.6	90.7	85.4	63.1	76.0	39.0	44.8	44.4	9.5	80.3
SanJoseCA	4.0	7.0	2.8	63.5	8.6	0.8	2.6	16.8	83.0	89.4	85.2	69.0	79.2	43.6	39.7	40.3	8.0	83.5
SantaAnaCA	4.3	6.5	2.6	64.8	8.1	1.7	1.6	14.4	78.9	84.3	84.5	68.2	72.2	36.9	43.1	54.1	9.0	78.1
SantaFeNM	7.8	9.2	2.5	68.4	6.0	0.3	0.6	22.2	82.1	79.3	84.8	67.2	69.2	42.1	46.3	50.0	19.8	83.2
ScottsbluffNE	2.5	5.8	5.8	51.8	9.4	0.4	0.7	18.3	72.5	88.5	85.5	66.8	61.4	45.9	27.9	47.4	20.7	73.0
ScrantonPA	7.3	8.6	5.4	68.4	10.0	0.3	1.2	26.3	67.2	87.7	82.1	64.8	69.9	57.5	35.9	57.0	24.3	72.0
SeafordDE	5.6	10.8	6.2	74.5	11.6	0.3	1.6	20.6	74.2	87.9	86.3	68.4	69.0	54.9	30.5	61.8	19.1	86.4
SeattleWA	6.1	8.9	2.5	71.4	6.4	0.9	1.0	22.3	83.4	85.9	88.6	70.8	76.0	32.9	42.3	43.9	12.9	82.6
SebringFL	7.1	9.1	7.8	73.0	14.1	0.3	1.0	28.9	71.1	79.8	75.0	68.7	59.7	60.0	35.5	55.0	20.5	78.4
ShreveportLA	3.0	7.5	7.0	61.4	10.0	0.7	1.5	22.8	65.9	77.6	79.3	64.2	62.7	55.8	33.2	55.9	27.0	82.1
SiouxCityIA	5.1	5.7	4.1	58.9	7.3	0.8	1.4	18.9	71.8	86.4	87.3	66.3	71.7	44.7	32.6	57.7	18.1	81.9
SiouxFallsSD	6.4	6.8	3.3	74.8	5.1	1.7	0.6	17.4	78.6	93.4	91.7	73.2	79.7	34.4	33.3	60.2	11.7	87.6
SpokaneWA	5.5	12.5	3.4	70.8	8.3	0.6	0.8	30.6	81.7	86.0	86.2	66.5	72.2	36.5	35.9	50.2	16.6	77.0
SpringfieldMA	9.2	12.3	3.7	74.1	7.7	0.7	1.1	20.9	79.5	94.0	88.2	70.3	80.1	39.5	41.2	54.2	18.3	78.7
St.LouisMO	6.1	9.4	3.5	69.3	8.5	1.8	1.1	22.1	74.5	86.4	86.4	72.8	70.6	42.8	36.2	60.5	17.8	84.2
TacomaWA	5.4	10.4	4.1	73.4	9.5	0.6	1.0	27.2	80.4	87.7	84.2	72.6	72.4	38.9	32.3	53.0	16.8	86.6
TallahasseeFL	3.5	8.0	2.4	76.3	11.6	0.8	0.7	21.7	77.9	84.8	83.9	65.8	65.4	45.4	33.6	60.9	17.1	87.0
TampaFL	5.3	9.4	5.5	68.0	11.9	1.1	0.9	26.1	77.9	85.2	82.8	63.4	66.1	56.9	35.5	68.3	20.5	79.3
ToledoOH	3.3	12.1	4.2	64.6	9.7	0.9	2.5	22.5	75.3	87.8	83.5	61.0	76.0	39.6	31.1	53.4	21.2	87.1
TopekaKS	4.6	7.4	3.8	72.1	9.6	0.9	0.9	23.3	77.7	87.9	83.9	74.8	74.3	46.1	28.9	61.4	17.4	90.9
TrentonNJ	2.5	7.4	3.1	69.1	10.0	1.1	1.6	15.9	75.2	93.8	87.0	67.4	80.2	39.7	43.3	55.0	11.5	89.0
TucsonAZ	8.0	12.5	3.7	71.1	8.0	1.0	1.6	27.5	79.7	86.6	84.4	69.1	67.7	39.7	41.6	56.2	15.5	84.9
TulsaOK	3.1	9.2	5.7	59.2	10.9	1.5	1.0	25.1	70.8	80.2	79.5	73.3	56.6	48.4	33.6	46.4	24.3	77.2
TuscaloosaAL	5.2	5.4	4.1	60.6	9.3	2.7	2.0	25.7	69.0	79.8	81.7	59.5	60.8	51.8	30.8	55.0	28.5	85.3
TwinFallsID	4.0	7.6	5.3	53.8	8.3	1.3	0.4	20.8	74.6	77.3	85.2	64.0	69.0	42.7	35.7	58.3	14.0	79.5
TylerTX	5.1	9.7	4.8	75.2	8.2	0.5	1.3	19.9	74.0	76.3	85.7	65.0	67.4	46.5	39.5	59.4	21.9	73.6
VirginiaBeachVA	5.2	7.9	3.5	74.9	8.5	0.5	0.9	20.5	77.2	85.7	85.6	68.9	75.4	36.1	37.8	54.8	21.8	86.7
WarrenMI	5.4	9.6	4.7	73.4	11.2	0.2	1.1	21.1	80.6	88.4	89.1	67.1	79.4	34.9	34.4	61.7	15.0	81.8
WashingtonDC	5.0	10.2	2.0	72.7	8.7	0.3	1.0	16.1	80.7	91.3	88.4	68.3	80.9	35.1	37.8	58.1	13.0	86.4
WauchulaFL	7.9	7.9	4.1	57.4	15.4	0.6	2.2	20.3	72.8	67.0	76.2	66.8	53.8	57.4	17.6	55.0	16.0	81.9
WPalmBeachFL	6.3	7.1	4.1	73.4	9.7	1.0	0.7	19.5	77.4	89.5	85.0	73.7	74.0	52.4	39.9	72.5	8.8	74.3
WichitaFallsTX	3.1	9.8	7.1	64.0	10.4	1.1	0.3	25.0	71.4	77.1	80.9	71.2	65.2	41.9	32.9	61.3	20.3	74.8
WichitaKS	2.8	10.5	3.9	68.1	7.8	1.0	1.3	21.3	77.4	87.8	85.4	70.4	75.4	41.8	38.5	57.6	18.8	80.5
WilmingtonDE	6.0	9.6	3.5	71.2	8.2	1.2	1.2	21.8	76.5	90.2	86.6	64.0	75.8	39.3	35.5	55.4	18.1	81.7
WorcesterMA	6.3	14.0	4.2	76.2	8.3	0.7	1.0	19.7	81.0	95.9	87.7	71.0	80.4	38.6	39.1	55.6	15.6	83.6
YakimaWA	4.1	7.8	3.3	60.6	9.9	0.6	1.7	23.3	74.9	78.1	78.9	68.5	69.3	46.0	31.6	53.0	14.9	80.2
YoungstownOH	4.3	8.4	5.3	59.7	9.1	1.3	1.3	20.1	73.6	87.1	83.8	58.9	67.8	52.5	29.7	62.2	26.5	81.3
